  f1=    401229273.939297   weighted  f1=    0.802459     f2=    0.532250    totalObjctive=    1.334709 
  hour 14.000000  minute 39.000000  6.209805942396412481e-02
1.913458864904126755e-01
-9.478739630801848171e-02
1.920905079499520274e-01
1.522920651294784600e-02
2.063177949114813892e-02
-1.494235669636116703e-01
-3.612832912983315881e-02
-1.581169425800004469e-01
-5.522897059979892109e-02
1.538384681066560233e-01
1.952496534925752814e-01
7.421311643733979890e-02
7.008312859159332442e-02
-1.592825707678778846e-01
-1.161220152252108451e-01
-1.459411826524906752e-01
2.528716199272171283e-02
-7.140592576407234215e-02
-1.377488542492958656e-01
-7.126359998489359415e-02
-1.619919995781819999e-01
-1.436056796862143214e-01
4.970132792060372173e-02
1.896197880433440064e-01
-1.937189180950146250e-01
1.156395276837284269e-01
2.912475042998238783e-02
-1.401936461397131350e-01
-1.250086638118895754e-01
-6.082445456992693900e-02
8.508874950164191375e-02
-1.658050720268605116e-01
-1.455703671276446787e-01
-4.660291308912167807e-02
-1.353491200457864474e-01
1.254082154756330225e-01
-2.823193539352392145e-02
2.025930397536253591e-01
1.538200938314040478e-01
8.836222649606412238e-02
2.163607769423767091e-01
2.217678981976212715e-01
-1.920643012069251643e-01
8.372141979625463692e-02
-1.228750743292744974e-01
-1.895681974353391475e-02
-6.011445635098236484e-02
    *************************	
 
   f1=    325619288.857343   weighted  f1=    0.651239     f2=    0.524225    totalObjctive=    1.175463 
  hour 14.000000  minute 48.000000  3.316017372068713609e-02
3.747911304664941490e-02
1.891623029660344235e-01
2.774417755453675860e-02
1.081077191066419640e-01
1.762814034201420910e-03
1.984970934954025656e-01
-1.799990531721844533e-01
-1.902039819988409486e-01
3.412378025546891624e-03
-7.287258243292860094e-02
2.341560254128654539e-01
1.505927954134516633e-01
2.088975791751893629e-01
-1.728553284629109899e-01
7.308819821094486580e-02
-3.535460998160125379e-02
1.236298655370887678e-02
-1.812748450074535000e-01
-8.348961523272514784e-02
7.148963125817997533e-02
-1.279779061411992491e-02
2.074697657347797652e-01
8.980092656419880193e-02
-1.625876081556817399e-01
2.966188481151915690e-02
3.789583926090742128e-02
-6.486995008527116080e-02
1.185592988200225295e-01
1.875097861862883852e-01
-5.764681697631590662e-02
-1.166168652311991433e-01
-1.398230724032841210e-01
1.306364424937394575e-01
-1.344149130604649633e-01
8.328784479943540653e-02
1.847153569902186265e-01
-1.016762376833320047e-01
1.529236049679762455e-01
1.383817956724176512e-01
1.159113476820753941e-01
-7.533613341583672574e-03
9.533469301655989048e-02
-1.958098809960499009e-01
-1.654610453320022878e-01
-1.861058739740947821e-02
2.049503777750978362e-01
2.280206406961075571e-01
    *************************	
 
   f1=    262110582.667119   weighted  f1=    0.524221     f2=    0.508879    totalObjctive=    1.033101 
  hour 15.000000  minute 11.000000  -1.223007534013628855e-01
1.690506240709079844e-01
1.432109252290642010e-01
2.162379944176008317e-01
1.485046896120920668e-01
-1.181132297136104348e-01
2.253845637316739814e-01
1.106308794647181126e-01
-4.361556725749124452e-02
2.453034009960953776e-01
-1.444312211917987698e-01
1.179035842383576171e-01
2.183738386398916265e-01
1.792386407968537543e-01
-5.703791737867150435e-02
6.932827687343728895e-02
1.220442262769556030e-01
7.116226305515810369e-02
-8.867363668223540718e-02
9.125150210317883870e-02
-1.631089221351003093e-01
-7.271249768949683556e-02
-9.676573129825924435e-02
3.985290833382310050e-03
-3.632790290874232664e-02
-1.155597633488919390e-01
8.087353119842621840e-02
4.330895831822806352e-02
2.325178466669206578e-01
1.712838294669449812e-02
-1.639984402452521750e-01
-7.562527385635237076e-02
7.249951592009318269e-02
-8.151743288303966994e-02
1.571445759233851547e-01
1.327249466938876243e-01
5.621187500700119966e-02
-1.901009200995826542e-01
-7.822988576310752062e-03
2.490552464719048009e-02
1.095986732964326915e-01
-6.854850710929699664e-02
2.484876444772790571e-01
-1.982665980228250080e-01
1.685186079352181121e-01
9.745012062768448891e-02
9.215304737881757635e-02
1.807095442394853202e-01
    *************************	
 
   f1=    262460064.208024   weighted  f1=    0.524920     f2=    0.437402    totalObjctive=    0.962322 
  hour 15.000000  minute 28.000000  1.248775791888969977e-01
3.052375059290166059e-02
2.260110149359909337e-01
-8.224056903604341773e-02
3.188333315747554630e-02
-9.394984702084152595e-02
-5.011645025421493371e-02
2.020485680993636957e-01
-2.238148490810240587e-02
-5.864319274673698845e-02
-5.885643275607177136e-03
1.026717613119333405e-01
6.877616626044405490e-02
1.632170432587399522e-01
-2.000000000000000111e-01
-2.924480738935089294e-02
2.492903505190699476e-01
-2.699695563275050780e-02
-1.412295819445355538e-01
-1.728805849533705530e-01
3.479072603937125030e-02
-4.832185535385968844e-02
-2.197001835760922089e-02
-1.176119585406597973e-01
1.963071804155906985e-01
1.308636826789116303e-01
4.795524483533983306e-02
-2.000000000000000111e-01
-7.039250538991001505e-03
1.057192462599791244e-01
2.500000000000000000e-01
2.650647333265404582e-02
-2.621101430455238801e-02
1.058764259139263614e-01
-2.000000000000000111e-01
2.500000000000000000e-01
2.500000000000000000e-01
-1.419934777350520538e-02
2.500000000000000000e-01
1.835102528605892513e-01
-6.484061054547651803e-02
-1.025464186759923596e-01
1.523143221191646524e-01
-5.242035975807249337e-02
-2.733307156829908879e-02
3.934742302971920569e-02
2.282867481820936295e-01
4.605827684502672437e-02
    *************************	
 
   f1=    332935333.391888   weighted  f1=    0.665871     f2=    0.243866    totalObjctive=    0.909737 
  hour 15.000000  minute 30.000000  1.877972916191726904e-01
1.409370049667483527e-01
2.174089530635434087e-01
6.242984668420562683e-02
7.312347279766678865e-02
3.960751148277150135e-02
1.088631187666850575e-01
4.932744335427767524e-02
1.214845033593658086e-01
-1.942418401299013386e-01
-1.211581355686008471e-01
4.428933515301471113e-02
1.193599089657814694e-01
1.545523434230776927e-01
-2.000000000000000111e-01
-1.184108594364498557e-01
-5.494800174236397217e-03
-1.570070783877790810e-01
-7.788761031229005094e-02
-7.020888413596668154e-02
-1.278553413585406251e-01
7.310658817188696312e-02
2.592527195908803095e-02
-1.075838370756234397e-01
8.059575610780302102e-02
6.358406812088251980e-02
9.188533912614951782e-02
7.738759425139249762e-03
-1.049050598268155554e-01
1.923225188498092764e-01
5.088559002418663324e-02
-7.418445934706816014e-02
-2.395785071069050920e-03
1.660000188108796959e-02
-7.486041652177868877e-02
1.347986447618644834e-01
9.082547012758637739e-02
-1.276927725197232188e-01
5.474352851429870048e-02
1.123913364660526076e-01
-7.250144175487452380e-02
-3.043202335429290306e-03
7.124470550652142742e-04
-8.565603498240748070e-02
-4.872884185153081305e-05
-1.153506183411795449e-02
2.113816470875683196e-01
1.209593386660062359e-01
    *************************	
 
   f1=    261058497.411077   weighted  f1=    0.522117     f2=    0.318363    totalObjctive=    0.840480 
  hour 15.000000  minute 35.000000  7.776252814337941688e-02
-5.079987557775370033e-02
5.563612528041447791e-02
2.074238497296466421e-01
1.587407058673525051e-01
-3.089361840118944741e-02
-8.338603024257068563e-03
-5.248764283857079715e-02
-1.170033521404089116e-01
4.607146272461104530e-02
-1.271494286375595417e-01
2.946793812220654951e-03
2.500000000000000000e-01
9.674496084063606560e-02
-1.174417493195954731e-01
5.715359212940439304e-02
-1.041458574374914958e-01
-5.470854038897724272e-03
1.810472956825478485e-01
1.787520149197532326e-01
-1.977789592991179846e-01
-7.213821346471151197e-02
-7.988442644338791809e-02
-4.073697321762922985e-02
2.500000000000000000e-01
8.092694162931204915e-02
2.316272786996523281e-02
-1.313114188613441480e-01
1.493421926693346835e-01
-1.209757116277147410e-01
1.353530081580369415e-01
-1.557079662173681267e-02
1.231638823972567159e-01
-1.642410047439170906e-01
3.759504717143258290e-03
2.744347506856464891e-02
-2.000000000000000111e-01
-1.097711102401407318e-01
-5.009422468123589378e-02
2.500000000000000000e-01
-1.178252924711548910e-01
1.822863116125891803e-01
3.608469437803113467e-02
4.150173427895292866e-02
7.044035072883367277e-02
1.261487986200591771e-01
2.199976836759384990e-01
4.223791280693267591e-02
    *************************	
 
   f1=    229253084.712279   weighted  f1=    0.458506     f2=    0.353337    totalObjctive=    0.811843 
  hour 20.000000  minute 4.000000  1.592816856121688496e-01
1.059052262206378325e-01
-7.995418521421368552e-03
7.476707411759724031e-02
4.662548415828718373e-02
6.937166331183200474e-02
-6.261737012084116205e-02
-2.734576518192260997e-02
1.585828291816258062e-01
6.559887318699247905e-02
-6.484662754848603827e-02
1.039361596085243700e-01
1.120642300014755566e-02
2.943569963726300198e-02
2.539008652737650279e-02
8.209207326921215409e-02
2.468449427960895393e-01
-1.982033090589673530e-01
-1.420292723713646454e-01
2.067872876586482889e-01
-1.731888625608897780e-01
-5.959390912195779155e-02
-1.982192565046209665e-01
2.280640086098102148e-01
1.744773359297698695e-02
1.183158021481699879e-01
-9.787875248909311265e-02
-5.665986288172897983e-02
9.194553041166922402e-02
-2.805328157526355490e-02
-1.111114903392602382e-01
-2.000000000000000111e-01
1.613557762124345762e-01
1.030942502700928215e-01
3.208448912568497013e-02
3.228676394187023069e-02
2.921302487137505954e-02
8.636955295983861358e-02
-4.714745367517159114e-02
-4.467433322939766416e-02
-1.947439971040652862e-02
-1.334920827991364634e-01
4.927306177791809100e-02
-1.885468144277985814e-01
7.281509334301729253e-02
2.371254981695666841e-02
5.908660832571118598e-02
5.571254515968834808e-02
    *************************	
 
   f1=    257618565.183213   weighted  f1=    0.515237     f2=    0.263169    totalObjctive=    0.778406 
  hour 20.000000  minute 18.000000  2.194161725849182176e-01
-1.853467020024575640e-01
2.500000000000000000e-01
-6.457108695851700164e-02
-6.829476287581098815e-03
-6.432612622964879734e-02
-4.512430787165434831e-02
1.852673052897677308e-01
2.220030690881207025e-02
-9.645085018694414536e-02
-1.397783218972682984e-01
-2.000000000000000111e-01
7.588550751572505082e-02
8.976950311323875220e-02
-1.430006908411705080e-01
-4.774170580786314677e-02
2.442744650922063221e-01
-1.295113396927127236e-01
4.193921053467994375e-02
-8.703244510579562221e-02
-9.369369001418288712e-02
-1.144395632401149776e-01
-1.723788957178578607e-01
1.551592370453491743e-01
-3.449039953252683310e-02
7.868157232016156910e-02
-3.975530137401278585e-02
7.761588858347770459e-02
-1.039803627605437875e-01
1.215028866867942647e-02
9.926746243485794208e-03
-9.627793222264849349e-02
-3.843040001988481252e-02
4.708751818087815455e-02
-1.854698862468634746e-01
-3.123756177756518634e-02
1.283073208586143488e-01
-1.012773837145173744e-01
1.488456145802299901e-02
2.929516394896164097e-02
1.604088004218972019e-01
-2.464207122756068707e-02
1.105123654784143095e-01
9.799173562137300508e-02
-1.475543228517929850e-01
-8.059494306630005100e-02
3.843235852496590388e-02
-9.373216030844129520e-03
    *************************	
 
   f1=    224472322.357466   weighted  f1=    0.448945     f2=    0.270807    totalObjctive=    0.719751 
  hour 20.000000  minute 40.000000  2.500000000000000000e-01
2.500000000000000000e-01
1.197011448109049636e-01
-8.350267583388248926e-03
1.587390807310008201e-01
-5.471235606010812352e-02
2.603398757382751477e-02
1.678717307085414445e-02
6.039446686627285288e-02
1.175585964408759621e-02
-1.147875134842115813e-01
1.258664098610621784e-01
5.233157713390380189e-02
1.508020744474121780e-02
-1.222926289880271744e-03
-2.000000000000000111e-01
1.160839589725470578e-01
-1.609228670051621735e-01
1.304275713495665623e-01
5.452167783060736517e-02
-1.430371305220748956e-01
-1.191989139182047519e-01
-1.368824786553740624e-02
1.210897279284716965e-01
2.499999999999999445e-02
1.139237060783794553e-01
-1.438723689770123326e-01
1.712336424611181351e-01
2.500000000000000000e-01
-9.805873565500144995e-02
1.152850666549908032e-02
-2.370046120346606944e-02
2.301290120167560349e-01
-8.643524526041650169e-02
-3.158301491943625583e-02
7.257174378326401720e-02
-7.840900228443203890e-02
-3.243055835578583651e-02
-3.844065843295216972e-02
6.699335036443816727e-02
2.693082036515549726e-02
4.642472693399610217e-03
-2.229655172444035272e-02
-1.959315887711422510e-01
9.727109334970146515e-02
1.086652262917469219e-01
5.109497571338794675e-02
-6.583691656835637118e-03
    *************************	
 
   f1=    169915481.849257   weighted  f1=    0.339831     f2=    0.325837    totalObjctive=    0.665668 
  hour 22.000000  minute 25.000000  2.497483144051111936e-01
-1.692918398461372431e-01
2.176368768428792455e-01
-8.149432273408394045e-02
4.020365333873339442e-02
2.781752654161392599e-02
-1.310415697834526813e-02
-2.000000000000000111e-01
-1.558609657872473131e-01
-1.014819594241762324e-01
-1.258753366110330549e-02
-1.639321342941005011e-01
-1.034202307519934971e-01
1.787637722749855496e-01
-1.364574135021898171e-01
8.694500536560798021e-02
2.500000000000000000e-01
-1.455955988520450939e-01
2.190521841806250536e-01
4.164244614119679000e-02
4.261875120454169941e-02
-7.143910499591901719e-02
-8.229504823614916531e-02
1.644641663282764288e-02
1.688743096017691347e-01
1.070568190274219095e-01
1.578603549797698291e-01
2.500000000000000000e-01
1.329188457363320586e-01
-1.247620407864439285e-01
-1.367013021434441145e-01
-5.671639961880045600e-02
-9.226858671852315730e-02
-1.051528040258216529e-01
-9.733201229813284727e-02
-1.303775893251946094e-02
-7.202803790515588389e-02
5.058337369645033582e-02
-3.145824418528045396e-02
1.856675163199320577e-01
1.056456575712232115e-01
2.500000000000000000e-01
-7.874573152329607251e-02
-1.411350919168286033e-01
1.588606062054147006e-01
7.764489081918322932e-02
-6.080362731699785056e-02
1.533395050419813221e-01
    *************************	
 
   f1=    159847797.602813   weighted  f1=    0.319696     f2=    0.108604    totalObjctive=    0.428299 
  hour 3.000000  minute 41.000000  2.055382234737761216e-01
4.630012515313496058e-02
-7.380986701560486585e-02
2.349278022348452732e-02
-1.466759384243422615e-01
1.062823672357556537e-01
2.022973222844502705e-02
-1.389663598541237555e-01
7.573556484800927913e-02
2.051581331437812850e-02
-2.319528798945106121e-02
-2.369002974587215704e-02
3.760500782620827820e-02
1.561295154750093617e-01
-8.967281301684360342e-03
1.322772906480788324e-01
2.059033323144395244e-01
-1.575015745779815568e-01
-1.644613980666616293e-01
2.500000000000000000e-01
1.105660716636503726e-01
1.753479712562698578e-02
-1.575531159860247277e-01
2.500000000000000000e-01
6.901549823818438345e-02
8.669365093693440216e-03
9.351590190637809608e-02
9.342284402178796521e-02
1.415514187663557688e-01
1.536303919403549378e-01
-1.285510864066914671e-01
-1.925445922240004992e-01
2.085358804664783072e-01
1.451463729118812607e-02
-1.446926179664795309e-02
-7.062794900446708879e-02
-4.846390637349613784e-02
1.097576436409633538e-03
-4.542801957802519719e-02
2.266836932983097574e-01
9.157780001716812890e-02
2.312220507509268330e-01
1.031075948909857681e-02
-1.942483125321932680e-01
7.917983173782498774e-02
2.227770622095373229e-02
5.882832126201717471e-02
6.011190990188697292e-02
    *************************	
 
   f1=    136169502.822844   weighted  f1=    0.272339     f2=    0.097275    totalObjctive=    0.369614 
  hour 10.000000  minute 13.000000  2.500000000000000000e-01
-1.113118072977251766e-01
2.499999999999999445e-02
4.972154937610263198e-03
-6.340138645408541218e-02
1.925497955875198064e-02
2.461251054722191078e-02
-1.443607850661038083e-01
-1.952718362373711408e-02
-1.831756306291563163e-01
-2.730070786639436989e-02
2.783645888399675916e-02
-1.684953733919980490e-02
2.449807583342438477e-01
-5.599991535779440255e-02
5.245829667454440792e-02
1.673258851519622281e-01
-1.659767243661014746e-01
-7.240900173335731993e-02
1.649482293391471843e-01
2.500000000000000000e-01
2.174926130476988184e-02
-1.175882168801721389e-01
-1.356904411461116317e-02
6.383792492700922361e-02
1.149268490024093342e-01
1.096629044867169500e-01
2.500000000000000000e-01
2.226327345435499261e-01
-4.998439083654658555e-02
-5.272515950817682762e-02
-1.956884310646125336e-01
-1.014597919328913828e-01
-4.024508186176910945e-02
-8.002709704730323614e-02
-5.262781525167199714e-02
-7.205177307529107844e-02
-9.354488729676141423e-02
-9.755551083104239962e-02
2.118802052043039230e-01
1.144276687998756065e-01
2.500000000000000000e-01
2.819003990892091083e-03
-8.717895328042829517e-02
1.064187418148275222e-01
3.309924083103681081e-02
7.433799940833241138e-02
5.330165301241622522e-02
    *************************	
 
   f1=    127770107.501055   weighted  f1=    0.255540     f2=    0.000000    totalObjctive=    0.255540 
  hour 13.000000  minute 24.000000  2.500000000000000000e-01
-9.008983275290430304e-02
4.991465043002223101e-02
-4.037997542336110857e-02
-6.151162049983836810e-02
1.115817871143181678e-01
2.459206366895285920e-02
-1.449699982290044153e-01
-3.918051247345932797e-02
-1.755163387257392960e-01
-3.173721168761377276e-02
2.933734902591274285e-02
4.052550479805996919e-02
2.446753939117556620e-01
-7.072931859340696181e-02
8.075488355002050089e-02
1.789578133770640123e-01
-1.617054553119716964e-01
-5.864436025479240200e-02
1.672741539069407812e-01
-6.265155913557474143e-03
2.403216958215602730e-02
-1.219831478285019061e-01
3.121515282761162802e-02
6.424430363732573646e-02
9.803043148811113605e-02
1.048414588239111322e-01
2.416138891561154245e-01
2.217287068071988887e-01
-4.790245563339381313e-02
-5.369459933241457067e-02
-1.989129748142777210e-01
-1.017466504810138478e-01
-5.164767367546337085e-02
-8.939504946101320404e-02
-5.087578297415495943e-02
-7.188325849416907221e-02
-9.412459419342930622e-02
-1.028737692374986634e-01
2.147882085856098189e-01
1.102070374679821885e-01
2.500000000000000000e-01
-7.444928919837973114e-03
-8.588106763015583567e-02
1.062680929533672963e-01
3.193709032882462162e-02
6.998044411346390770e-02
4.923329412978574154e-02
    *************************	
 
   f1=    110768204.122395   weighted  f1=    0.221536     f2=    0.000000    totalObjctive=    0.221536 
  hour 14.000000  minute 0.000000  2.499955930482600786e-01
2.834402437843183686e-02
2.422222873705074386e-01
-4.560804080733064231e-02
-6.343827501619643539e-02
1.184072920596556666e-01
4.849699716492020252e-02
-1.453066299350421475e-01
-4.488368235183103072e-02
-1.744050985897491468e-01
-3.844412764013755562e-02
3.223296973551756373e-02
1.948381287323847910e-01
2.433551441920034364e-01
-6.727654234798019495e-02
8.831022644544726796e-02
1.798871652374151586e-01
-1.674550956564508364e-01
-5.157898706385568438e-02
1.508200843343297237e-01
-1.834157067170484601e-02
1.903249125516932524e-02
-1.197954867279795443e-01
2.255985572443051229e-02
6.261844924145665292e-02
9.157473104563677857e-02
7.217328842613965345e-02
2.350650913564178712e-01
2.297904994348620999e-01
3.975528395271889226e-02
-5.097314559133660217e-02
-1.978883008128990428e-01
-3.081724883975481277e-02
-3.590450112138147964e-02
-9.400677381339826721e-02
-2.078404031131825258e-02
-6.846714934607439629e-02
-9.354680549863247929e-02
-1.320493145836815763e-01
2.090768778318061183e-01
1.079540413661705112e-01
2.500000000000000000e-01
5.618357206372884965e-03
-6.300254455341461335e-02
8.848262674775159153e-02
3.580511707823400003e-02
1.101820898257099279e-01
4.674365294983751778e-02
    *************************	
 
   f1=    104058638.156755   weighted  f1=    0.208117     f2=    0.000000    totalObjctive=    0.208117 
  hour 22.000000  minute 42.000000  2.499934942445187214e-01
-6.813794252040630828e-02
2.432924635267102176e-01
1.532565077166601897e-02
-6.311357723454889823e-02
1.508005634900390080e-01
7.314613489569500582e-03
-1.431453083270739224e-01
-2.775632442979203765e-02
-1.599789527300921610e-01
-1.139189117015284441e-02
1.302836911740315462e-02
1.851025698026058652e-01
2.452553951059176229e-01
-7.053324065501735685e-02
9.362617784879430360e-02
1.545310230638478333e-01
-1.546408661945333218e-01
-6.073680172737044164e-02
1.484914149114770765e-01
-4.029686909071093781e-02
2.721492119381403035e-02
-1.199488247304056343e-01
2.844586336341002608e-02
6.312976806634082449e-02
1.099548097462179769e-01
1.113945465467811452e-01
2.479414188432632338e-01
2.211972457750247534e-01
2.500000000000000000e-01
-8.307488501244940371e-02
-1.981638810857690447e-01
-9.243376181024370863e-02
-2.622994714152287327e-02
-9.543384263411272550e-02
-3.700518515604035719e-02
-5.207328069151777317e-02
-9.224909000624446909e-02
-1.094817096333471351e-01
2.089120412854135189e-01
1.015486595101278422e-01
2.500000000000000000e-01
-8.960152725772801974e-04
-4.071012583954035369e-02
1.406552921364662700e-01
3.302718456239913530e-02
9.216025760938933997e-02
4.581838535535343038e-02
    *************************	
 
   f1=    99130610.785960   weighted  f1=    0.198261     f2=    0.000000    totalObjctive=    0.198261 
  hour 5.000000  minute 20.000000  2.499937821081776590e-01
-5.942415470548837592e-02
2.400425539131003372e-01
-1.802451590690822350e-02
-6.175925024107142836e-02
1.474560301224026593e-01
-7.801050796675420423e-03
-1.455776174772311082e-01
-2.785048221382066883e-02
-1.626014916609747618e-01
-5.700075488424129026e-03
1.377076123032491828e-02
2.010908020045231170e-01
2.455824369059514400e-01
-7.047563186868527341e-02
8.817309625891803226e-02
1.376447069618222663e-01
-1.582040672689027094e-01
-5.703164749452879073e-02
1.501209797205831642e-01
-2.105707751670958874e-02
2.741343170168184656e-02
-1.200427669180710172e-01
3.599739138275016154e-02
6.365179884843233382e-02
1.078165294982606215e-01
3.284421128755624086e-02
2.474930502020472600e-01
2.230672457198182579e-01
2.500000000000000000e-01
-1.258120149255330944e-01
-1.982486967186534998e-01
-5.168595288041614305e-02
-2.733864910349657895e-02
-9.325519474532069364e-02
-3.460849971243325218e-02
-4.687183061098586234e-02
-9.200003135133097421e-02
-7.212068925895566418e-02
2.038014064165473982e-01
1.003199791189664375e-01
2.500000000000000000e-01
-3.246295358827430613e-03
-1.939997972453291059e-02
8.389654079130604014e-02
3.304944846641429124e-02
1.181289232699624936e-01
4.500833599503960281e-02
    *************************	
 
   f1=    95153845.029228   weighted  f1=    0.190308     f2=    0.000000    totalObjctive=    0.190308 
  hour 11.000000  minute 15.000000  2.499936656414434577e-01
-5.995155220901517146e-02
2.111383291122364003e-01
-1.623123343450719180e-02
-6.181762984761136198e-02
1.564762392311035422e-01
-2.065160553528621462e-02
-1.470437463234022524e-01
-3.230430719134436135e-02
-1.628324505395054023e-01
-8.060942062075471259e-03
1.659540737862625140e-02
1.739391339804127745e-01
2.453938920459735329e-01
-6.772607241317589455e-02
8.789657325369942820e-02
1.386687801184743607e-01
-1.563976210182418392e-01
-6.135336058621605054e-02
1.519366292265224017e-01
-1.575934047609820615e-02
2.736347285661208661e-02
-1.179304161318621147e-01
3.717697475351407904e-02
6.365472633028629312e-02
1.181077374658797557e-01
3.333482857114264397e-02
2.465508198455079736e-01
2.213252310230437725e-01
2.500000000000000000e-01
-1.757161473179889299e-01
-1.983117297868254858e-01
-5.282581137604731858e-02
-2.716889024031713534e-02
-9.351891952796481666e-02
-4.215212058252323923e-02
-4.812339908450889714e-02
-9.205019258845634211e-02
-6.368613104940126779e-02
1.988980257357423620e-01
1.005950044911864127e-01
2.500000000000000000e-01
-6.167901411424472555e-03
-2.423908851358563127e-02
9.336389699407388054e-02
3.388798334205727486e-02
9.809247741472798543e-02
5.091807436315487490e-02
    *************************	
 
   f1=    91616998.224903   weighted  f1=    0.183234     f2=    0.000000    totalObjctive=    0.183234 
  hour 3.000000  minute 28.000000  2.499942580157548111e-01
-5.401727119113958198e-02
1.993293576278150903e-01
-1.782309807545887081e-02
-6.233355734804935794e-02
1.353904783264386902e-01
-4.884857920062647685e-02
-1.457992768537494932e-01
-2.856429376489655336e-02
-1.579841630696304788e-01
-3.555479138410089224e-03
1.153061228281149035e-02
1.994437989603111971e-01
2.456733732322156083e-01
-6.219306066400910604e-02
8.131351688023799595e-02
1.715429715192506588e-01
-1.572591080215593740e-01
-5.602273568121626107e-02
1.496200577512966645e-01
-2.848808633084834105e-02
2.852177286695223302e-02
-1.473261324346475665e-01
3.339572418559478423e-02
6.417336385893580852e-02
1.147614626855836123e-01
3.073994849451863395e-02
2.475080472736482240e-01
2.251451864318702312e-01
2.500000000000000000e-01
-1.955269268855471809e-01
-1.982828735764742001e-01
-4.750116154802544455e-02
-2.391911210454435860e-02
-9.404455084920407271e-02
-4.371109768074987051e-02
-4.386995269581524248e-02
-9.138448932295559213e-02
-7.051129229644223506e-02
2.025643826530749980e-01
1.004437074610516484e-01
2.500000000000000000e-01
-1.208202156873149427e-02
-1.166949182426425813e-02
8.164143211739512129e-02
3.216277970364025268e-02
9.885960390169912237e-02
4.617592128565715243e-02
    *************************	
 
   f1=    88221217.014566   weighted  f1=    0.176442     f2=    0.000000    totalObjctive=    0.176442 
  hour 14.000000  minute 38.000000  2.499941438585808751e-01
-6.097873369887535366e-02
2.155145099357891614e-01
-1.698933624697856332e-02
-6.665984295758740907e-02
1.295222145090685617e-01
2.017114347754874609e-02
-1.555884264440114961e-01
-3.462073054236732006e-02
-1.658710039815737003e-01
-1.106655719062468041e-02
1.546617613330837811e-02
2.029448141757526913e-01
2.424270164369441427e-01
-7.015494972577300536e-02
8.596970582922015824e-02
1.431193170501471323e-01
-1.534223396919412452e-01
-1.126603624842677787e-01
1.510100257256107303e-01
-2.351414300851481162e-02
2.922741511769569658e-02
-1.179217021007567257e-01
4.484133893412246830e-02
9.439506229555851002e-02
1.244545577142272541e-01
5.395877039009885218e-02
2.479706410112738069e-01
2.248322555290421243e-01
2.494980992900268368e-01
-1.645305509601274474e-01
-1.982866799866021545e-01
-5.503946209776808957e-02
-2.430147332825435477e-02
-9.492558796003282284e-02
-4.125825807497347786e-02
-4.772013384422126026e-02
-9.213939238946632082e-02
-7.834069934439474858e-02
2.052505551557701480e-01
9.958271696068420054e-02
2.500000000000000000e-01
-2.912094170337771286e-03
-9.297917694557877519e-03
8.710764585655940417e-02
3.382522615753311146e-02
1.112970698825629240e-01
6.040707755087468267e-02
    *************************	
 
   f1=    82667179.603949   weighted  f1=    0.165334     f2=    0.000000    totalObjctive=    0.165334 
  hour 18.000000  minute 20.000000  2.499940069440195756e-01
-5.644200143735142450e-02
2.131579894940561770e-01
-1.745051080598561746e-02
-6.385255415962853842e-02
1.263268782420640390e-01
2.735637096231853527e-02
-1.561024734853777018e-01
-3.539382241750368280e-02
-1.642424269820067229e-01
-1.083475750715787514e-02
2.496311745936859172e-02
2.032121648735579766e-01
2.500000000000000000e-01
-7.077996903835223619e-02
8.795131651416371321e-02
1.451263572083123232e-01
-1.562872061469217921e-01
-6.900910315718272736e-02
1.510273695714332565e-01
-2.351023697887621652e-02
3.193160456006554487e-02
-1.155386879390920968e-01
3.940108352154713528e-02
1.111619778918064294e-01
1.253320263854886263e-01
6.744217634554267038e-02
2.481791776177243170e-01
2.219830577155996187e-01
2.494435181812474922e-01
-1.758301240865115800e-01
-1.982856565024600226e-01
-5.188974837756365338e-02
-2.396226914644527736e-02
-9.520730793262330294e-02
-4.137899038171926475e-02
-4.752362026748691015e-02
-9.228929092521534483e-02
-9.761151532213405146e-02
2.043642972484270015e-01
1.004758681815154236e-01
2.500000000000000000e-01
-4.665392936771116383e-02
1.437049445076275453e-03
8.717113426004240162e-02
3.832761657117988996e-02
1.080133825368241735e-01
6.648429123471250035e-02
    *************************	
 
   f1=    79636661.182239   weighted  f1=    0.159273     f2=    0.000000    totalObjctive=    0.159273 
  hour 2.000000  minute 21.000000  2.499937828569250009e-01
-3.219287983563576955e-02
2.024873512658081076e-01
-2.514741331793452286e-02
-6.330764986123142701e-02
1.287805846868602389e-01
-3.942571138807186848e-02
-1.695691871701669740e-01
-3.795234412863318640e-02
-1.572474037469067387e-01
-9.098416789917523548e-03
1.647721263501204791e-02
2.046800533149869816e-01
2.468261842040889997e-01
-7.193115240416696199e-02
8.649836875380953471e-02
1.536356098033005990e-01
-1.571861138206694097e-01
-6.631180051680370113e-02
1.650944223394796295e-01
-2.352299775496073317e-02
2.642802160509774220e-02
-1.488489491548231902e-01
2.363811299959319573e-02
1.090845045264283442e-01
1.240511830528733123e-01
6.420389728253650397e-02
2.472647411766736580e-01
2.220631633975708730e-01
1.671957002948445958e-01
-1.721292814427647089e-01
-1.983676132405515768e-01
-4.606031620639948476e-02
-2.426445722526790125e-02
-9.423201606747283465e-02
-4.252376066489124695e-02
-9.679417849373511684e-03
-9.260669230300415389e-02
-8.854244236260765122e-02
2.034496138179858193e-01
1.009461621718819174e-01
2.500000000000000000e-01
-4.767493534291746687e-02
1.302475008591172032e-03
8.557320979808830108e-02
4.131013149960005570e-02
1.009711442311717333e-01
9.506250027907010847e-02
    *************************	
 
 